1.922047
0.089238
1.012023
1.231954
1.061721
0.714481
0.327770
0.157620
0.426153
0.662131
0.818975
0.894433
0.894345
0.828795
0.710304
0.552543
0.369333
0.174010
0.024734
0.207496
0.373284
0.513111
0.622217
0.697959
0.739627
0.748214
0.726100
0.676714
0.604234
0.513245
0.408526
0.294950
0.177858
0.069260
0.082017
0.185705
0.287665
0.380392
0.461367
0.529070
0.582526
0.621179
0.644844
0.653667
0.648089
0.628799
0.596734
0.553008
0.498907
0.435839
0.365317
0.288921
0.208273
0.125012
0.040885
0.043429
0.124980
0.203214
0.276709
0.344284
0.404924
0.457763
0.502124
0.537493
0.563544
0.580124
0.587247
0.585095
0.573990
0.554396
0.526881
0.492117
0.450857
0.403908
0.352133
0.296422
0.237678
0.176846
0.114978
0.053963
0.022822
0.076301
0.135041
0.192040
0.246230
0.296958
0.343714
0.386067
0.423660
0.456209
0.483491
0.505334
0.521646
0.532378
0.537539
0.537199
0.531461
0.520492
0.504500
0.483725
0.458446
0.428987
0.395684
0.358919
0.319081
0.276588
0.231878
0.185402
0.137645
0.089158
0.041003
0.016255
0.060373
0.107707
0.154118
0.198946
0.241754
0.282169
0.319855
0.354520
0.385894
0.413750
0.437892
0.458166
0.474453
0.486681
0.494795
0.498796
0.498718
0.494625
0.486617
0.474822
0.459398
0.440532
0.418432
0.393333
0.365468
0.335112
0.302534
0.268015
0.231842
0.194316
0.155734
0.116396
0.076614
0.036793
0.006733
