1.922047
0.089238
1.012023
1.231954
1.061721
0.714481
0.327770
0.157620
0.426153
0.662131
0.818975
0.894433
0.894345
0.828795
0.710304
0.552543
0.369333
0.174010
0.024734
0.207496
0.373284
0.513111
0.622217
0.697959
0.739627
0.748214
0.726100
0.676714
0.604234
0.513245
0.408526
0.294950
0.177858
0.069260
0.082017
0.185705
0.287665
0.380392
0.461367
0.529070
0.582526
0.621179
0.644844
0.653667
0.648089
0.628799
0.596734
0.553008
0.498907
0.435839
0.365317
0.288921
0.208273
0.125012
0.040885
0.043429
0.124980
0.203214
0.276709
0.344284
0.404924
0.457763
0.502124
0.537493
0.563544
0.580124
0.587247
0.585095
0.573990
0.554396
0.526881
0.492117
0.450857
0.403908
0.352133
0.296422
0.237678
0.176846
0.114978
0.053963
0.022822
0.076301
0.135041
0.192040
0.246230
0.296958
0.343714
0.386067
0.423660
0.456209
0.483491
0.505334
0.521646
0.532378
0.537539
0.537199
0.531461
0.520492
0.504500
0.483725
0.458446
0.428987
0.395684
0.358919
0.319081
0.276588
0.231878
0.185402
0.137645
0.089158
0.041003
0.016255
0.060373
0.107707
0.154118
0.198946
0.241754
0.282169
0.319855
0.354520
0.385894
0.413750
0.437892
0.458166
0.474453
0.486681
0.494795
0.498796
0.498718
0.494625
0.486617
0.474822
0.459398
0.440532
0.418432
0.393333
0.365468
0.335112
0.302534
0.268015
0.231842
0.194316
0.155734
0.116396
0.076614
0.036793
0.006733
0.043604
0.082431
0.120513
0.157525
0.193236
0.227423
0.259894
0.290470
0.318990
0.345305
0.369288
0.390836
0.409841
0.426232
0.439948
0.450942
0.459188
0.464670
0.467392
0.467378
0.464650
0.459263
0.451277
0.440763
0.427812
0.412515
0.394987
0.375340
0.353706
0.330224
0.305042
0.278311
0.250192
0.220856
0.190475
0.159242
0.127367
0.095116
0.062917
0.032248
0.018066
0.042494
0.073619
0.105198
0.136389
0.166863
0.196403
0.224836
0.252006
0.277765
0.301991
0.324563
0.345374
0.364323
0.381332
0.396324
0.409238
0.420028
0.428650
0.435085
0.439315
0.441335
0.441169
0.438829
0.434352
0.427779
0.419168
0.408574
0.396080
0.381754
0.365700
0.348007
0.328775
0.308116
0.286137
0.262969
0.238722
0.213521
0.187489
0.160763
0.133464
0.105726
0.077677
0.049451
0.021213
0.007520
0.035305
0.063044
0.090391
0.117220
0.143424
0.168898
0.193543
0.217270
0.239993
0.261628
0.282105
0.301347
0.319291
0.335889
0.351078
0.364817
0.377071
0.387800
0.396978
0.404590
0.410614
0.415046
0.417877
0.419114
0.418765
0.416847
0.413375
0.408371
0.401872
0.393905
0.384519
0.373752
0.361652
0.348273
0.333671
0.317912
0.301054
0.283164
0.264319
0.244588
0.224054
0.202795
0.180902
0.158463
0.135583
0.112383
0.089020
0.065767
0.043283
0.024387
0.022313
0.039687
0.061661
0.084492
0.107376
0.130020
0.152253
0.173965
0.195058
0.215454
0.235069
0.253831
0.271678
0.288552
0.304394
0.319153
0.332785
0.345247
0.356497
0.366505
0.375243
0.382687
0.388817
0.393622
0.397089
0.399220
0.400017
0.399474
0.397610
0.394442
0.389989
0.384269
0.377312
0.369153
0.359824
0.349362
0.337816
0.325227
0.311644
0.297125
0.281715
0.265479
0.248464
0.230741
0.212365
0.193400
0.173918
0.153981
0.133653
0.113007
0.092119
0.071066
0.049960
0.029031
0.010034
0.016385
0.036519
0.057221
0.077828
0.098186
0.118219
0.137848
0.157019
0.175682
0.193776
0.211262
0.228092
0.244225
0.259617
0.274237
0.288045
0.301009
0.313101
0.324292
0.334558
0.343880
0.352236
0.359617
0.366006
0.371391
0.375763
0.379121
0.381458
0.382777
0.383080
0.382371
0.380657
0.377949
0.374260
0.369606
0.364002
0.357468
0.350024
0.341695
0.332509
0.322491
0.311671
0.300081
0.287749
0.274719
0.261023
0.246701
0.231794
0.216340
0.200387
0.183976
0.167161
0.149994
0.132530
0.114841
0.097005
0.079154
0.061495
0.044492
0.029570
0.021749
0.027850
0.042136
0.058811
0.076193
0.093747
0.111241
0.128550
0.145588
0.162284
0.178589
0.194449
0.209823
0.224665
0.238943
0.252617
0.265653
0.278017
0.289683
0.300625
0.310816
0.320228
0.328843
0.336642
0.343611
0.349735
0.355004
0.359405
0.362931
0.365576
0.367338
0.368219
0.368216
0.367332
0.365580
0.362966
0.359494
0.355188
0.350051
0.344106
0.337372
0.329868
0.321612
0.312628
0.302944
0.292587
0.281585
0.269967
0.257766
0.245010
0.231731
0.217964
0.203750
0.189115
0.174100
0.158748
0.143089
0.127171
0.111035
0.094722
0.078290
0.061808
0.045400
0.029368
0.015154
0.012788
0.025691
0.041357
0.057456
0.073576
0.089587
0.105410
0.120997
0.136304
0.151295
0.165938
0.180203
0.194061
0.207485
0.220444
0.232919
0.244886
0.256323
0.267210
0.277524
0.287253
0.296374
0.304876
0.312747
0.319971
0.326537
0.332436
0.337658
0.342202
0.346057
0.349217
0.351683
0.353454
0.354528
0.354909
0.354595
0.353592
0.351904
0.349538
0.346499
0.342802
0.338449
0.333456
0.327831
0.321592
0.314749
0.307316
0.299313
0.290760
0.281671
0.272065
0.261961
0.251384
0.240352
0.228888
0.217025
0.204778
0.192181
0.179253
0.166029
0.152536
0.138811
0.124889
0.110814
0.096647
0.082447
0.068337
0.054517
0.041404
0.030076
0.023387
0.025348
0.034477
0.046689
0.060059
0.073877
0.087845
0.101811
0.115685
0.129404
0.142919
0.156192
0.169190
0.181885
0.194241
0.206239
0.217851
0.229059
0.239837
0.250166
0.260031
0.269409
0.278284
0.286641
0.294462
0.301738
0.308455
0.314598
0.320161
0.325136
0.329511
0.333282
0.336448
0.339000
0.340937
0.342255
0.342952
0.343037
0.342502
0.341356
0.339602
0.337240
0.334287
0.330744
0.326614
0.321917
0.316660
0.310854
0.304514
0.297649
0.290277
0.282410
0.274067
0.265265
0.256022
0.246351
0.236278
0.225820
0.214996
0.203834
0.192346
0.180561
0.168497
0.156179
0.143631
0.130881
0.117950
0.104876
0.091684
0.078414
0.065114
0.051872
0.038842
0.026448
0.016310
0.014443
0.022917
0.034802
0.047536
0.060511
0.073523
0.086473
0.099311
0.111995
0.124496
0.136787
0.148845
0.160652
0.172185
0.183428
0.194362
0.204966
0.215233
0.225141
0.234679
0.243834
0.252588
0.260932
0.268858
0.276349
0.283399
0.290004
0.296146
0.301824
0.307028
0.311750
0.315992
0.319746
0.323005
0.325772
0.328035
0.329802
0.331065
0.331834
0.332098
0.331867
0.331137
0.329913
0.328201
0.325998
0.323318
0.320164
0.316535
0.312446
0.307901
0.302910
0.297479
0.291620
0.285341
0.278652
0.271569
0.264099
0.256255
0.248051
0.239498
0.230609
0.221400
0.211886
0.202084
0.192008
0.181675
0.171105
0.160316
0.149319
0.138154
0.126826
0.115373
0.103827
0.092221
0.080605
0.069061
0.057707
0.046759
0.036665
0.028422
0.024065
0.025665
0.032328
0.041660
0.052199
0.063301
0.074652
0.086101
0.097556
0.108953
0.120252
0.131418
0.142420
0.153240
0.163848
0.174237
0.184376
0.194252
0.203855
0.213164
0.222171
0.230855
0.239209
0.247217
0.254870
0.262148
0.269053
0.275572
0.281693
0.287409
0.292716
0.297597
0.302058
0.306082
0.309672
0.312819
0.315525
0.317784
0.319593
0.320952
0.321855
0.322309
0.322310
0.321859
0.320961
0.319614
0.317823
0.315598
0.312935
0.309840
0.306322
0.302383
0.298034
0.293279
0.288125
0.282589
0.276673
0.270385
0.263737
0.256745
0.249411
0.241754
0.233782
0.225507
0.216942
0.208101
0.198999
0.189647
0.180062
0.170256
0.160245
0.150047
0.139672
0.129145
0.118478
0.107691
0.096809
0.085850
0.074853
0.063856
0.052924
0.042167
0.031826
0.022551
0.016314
0.016897
0.023773
0.033203
0.043509
0.054144
0.064899
0.075668
0.086395
0.097040
0.107576
0.117987
0.128249
0.138343
0.148258
0.157980
0.167494
0.176784
0.185843
0.194664
0.203229
0.211528
0.219556
0.227302
0.234755
0.241910
0.248756
0.255287
0.261499
0.267380
0.272924
0.278127
0.282983
0.287490
0.291646
0.295444
0.298878
0.301946
0.304647
0.306979
0.308938
0.310525
0.311739
0.312581
0.313047
0.313139
0.312863
0.312214
0.311194
0.309810
0.308063
0.305954
0.303487
0.300667
0.297496
0.293980
0.290121
0.285930
0.281409
0.276566
0.271406
0.265936
0.260165
0.254101
0.247745
0.241108
0.234205
0.227042
0.219625
0.211968
0.204074
0.195960
0.187633
0.179106
0.170389
0.161498
0.152442
0.143234
0.133894
0.124433
0.114870
0.105225
0.095523
0.085797
0.076086
0.066450
0.056973
0.047808
0.039226
0.031747
0.026366
0.024523
0.026957
0.032711
0.040364
0.049003
0.058157
0.067583
0.077138
0.086742
0.096342
0.105899
0.115378
0.124760
0.134032
0.143167
0.152152
0.160976
0.169624
0.178082
0.186342
0.194393
0.202223
0.209823
0.217181
0.224292
0.231149
0.237736
0.244056
0.250090
0.255841
0.261301
0.266460
0.271313
0.275856
0.280080
0.283985
0.287567
0.290819
0.293742
0.296335
0.298590
0.300508
0.302083
0.303317
0.304210
0.304760
0.304968
0.304833
0.304353
0.303534
0.302382
0.300890
0.299065
0.296910
0.294426
0.291613
0.288484
0.285038
0.281281
0.277220
0.272857
0.268196
0.263245
0.258012
0.252505
0.246728
0.240688
0.234391
0.227848
0.221070
0.214060
0.206829
0.199388
0.191742
0.183902
0.175878
0.167681
0.159321
0.150806
0.142148
0.133357
0.124448
0.115438
0.106333
0.097152
0.087907
0.078631
0.069337
0.060075
0.050888
0.041884
0.033242
0.025377
0.019300
0.017049
0.019951
0.026331
0.034274
0.042884
0.051797
0.060845
0.069940
0.079032
0.088082
0.097073
0.105977
0.114783
0.123472
0.132039
0.140473
0.148759
0.156892
0.164857
0.172650
0.180265
0.187689
0.194917
0.201947
0.208764
0.215368
0.221749
0.227898
0.233815
0.239494
0.244928
0.250116
0.255047
0.259721
0.264133
0.268278
0.272154
0.275762
0.279093
0.282149
0.284923
0.287416
0.289627
