0.500000 1.750000
0.513750 1.719129
0.396415 1.421350
0.504935 1.751266
0.581831 1.734366
0.530004 1.725646
0.430590 1.780303
0.503055 1.746396
0.460361 1.734724
0.508609 1.365007
13.095740 1.576441
0.505155 1.744433
0.420421 1.427934
0.531673 1.381646
0.461205 1.763709
0.440322 1.795862
0.462472 1.760273
1.516433 0.581067
0.502282 1.754566
0.530004 1.725646
0.499133 1.755311
0.508683 1.801670
1.480374 2.301478
0.396415 1.421350
0.581832 1.734366
0.496224 1.745424
0.501158 1.728356
0.396414 1.421351
0.437757 1.857567
0.544513 1.395526
8.399548 1.580890
0.430590 1.780303
0.506648 1.389616
0.504935 1.751266
0.541924 1.726460
0.502210 1.754839
8.399509 1.580890
0.495584 1.690308
0.495584 1.690309
0.506648 1.389616
1.272821 2.292966
0.508608 1.365007
1.913188 1.608348
0.462472 1.760273
0.689923 1.727241
1.480374 2.301478
0.431196 1.778646
0.601800 1.890081
15.498447 1.575544
0.216772 2.083414
0.530004 1.725646
0.625720 2.218655
0.502282 1.754566
9.814889 1.578891
0.430140 1.756329
0.499133 1.755311
0.626646 2.220616
0.472916 1.738258
0.468455 1.756750
0.468455 1.756750
0.689924 1.727240
0.462472 1.760273
0.494789 1.756108
0.507648 1.750174
0.440322 1.795862
-44.676449 2.097525
0.492920 1.749939
1.272821 2.292966
0.629757 2.219290
0.502282 1.754566
0.537702 1.769626
0.530004 1.725646
0.629757 2.219290
0.505156 1.744433
0.501158 1.728356
0.213927 2.081340
0.461204 1.763709
0.508609 1.365007
0.544513 1.395526
-9.511980 1.891376
2.482529 0.195396
0.530004 1.725646
0.484111 1.735354
0.408594 1.759430
0.446878 1.733999
0.492920 1.749939
0.508609 1.365007
0.544513 1.395526
13.095740 1.576441
0.495584 1.690308
0.502282 1.754566
0.506648 1.389616
0.431196 1.778646
0.513749 1.719129
8.399548 1.580890
0.446878 1.733999
0.601799 1.890080
0.468455 1.756750
1.272821 2.292966
0.526079 1.744553
0.505041 1.728318
