0.500000 1.750000
0.414326 2.166472
0.358329 2.151899
0.491554 1.803093
0.486835 1.809199
0.504303 1.746701
0.481188 1.834320
0.513461 1.673705
0.483415 1.819260
0.499533 1.765184
0.491555 1.803093
0.455562 1.864090
0.524246 1.674247
0.473081 1.838047
0.475446 1.853938
0.300000 2.150000
0.505162 1.711863
0.477971 1.834707
0.481188 1.834320
0.300000 2.150000
0.505162 1.711863
0.474712 1.874762
0.391417 1.956010
0.517212 1.668569
0.458510 1.899408
0.470405 1.892339
0.505162 1.711863
0.486971 1.812617
0.298183 2.544776
0.458510 1.899407
0.490066 1.781013
0.490060 1.781038
0.515366 1.687948
0.471578 1.884485
0.515366 1.687947
0.491554 1.803093
0.474614 1.832174
0.468767 1.858463
0.513853 1.695385
0.470405 1.892339
0.487531 1.809943
0.491555 1.803093
0.491554 1.803093
0.491554 1.803093
0.491555 1.803093
0.393738 2.151910
0.487615 1.804688
0.468767 1.858463
0.483415 1.819260
0.300000 2.150000
0.483415 1.819260
0.355610 2.150386
0.474712 1.874762
0.300000 2.150000
0.512028 1.707804
0.496330 1.782124
0.169505 2.150614
0.481188 1.834320
0.487531 1.809943
0.487531 1.809943
0.496330 1.782124
0.517212 1.668570
0.503266 1.751990
0.511125 1.690175
0.474712 1.874762
0.300000 2.150000
0.467773 1.879763
0.475101 1.848135
0.474712 1.874762
0.462168 1.834006
0.483415 1.819260
0.517212 1.668571
0.518372 1.692548
0.487531 1.809943
0.483415 1.819260
0.518372 1.692548
0.487531 1.809943
0.473081 1.838047
0.467771 1.879771
0.458510 1.899407
0.470029 1.854716
0.515366 1.687948
0.467360 1.842120
0.169505 2.150614
0.470405 1.892339
0.462168 1.834006
0.467773 1.879763
0.455563 1.864089
0.467770 1.879773
0.512029 1.707803
0.496330 1.782124
0.503266 1.751991
0.470404 1.892343
0.491555 1.803093
0.503266 1.751989
0.490065 1.781014
0.474614 1.832174
0.474614 1.832174
0.470029 1.854716
0.473081 1.838047
0.503266 1.751989
