2.541100 0.259500
2.541923 0.259200
2.553279 0.258744
2.550646 0.258847
2.550017 0.258870
2.549814 0.258876
2.549865 0.258876
2.550166 0.258864
2.550398 0.258855
2.550578 0.258848
2.550676 0.258845
2.550454 0.258854
2.550111 0.258868
2.549858 0.258879
2.549825 0.258878
2.549745 0.258878
2.549746 0.258881
2.549735 0.258881
2.549740 0.258882
2.549739 0.258879
2.549878 0.258875
2.550135 0.258863
2.550232 0.258862
2.550349 0.258855
2.550482 0.258852
2.550640 0.258847
2.550696 0.258841
2.550816 0.258838
2.550899 0.258833
2.551243 0.258820
2.551757 0.258802
2.552208 0.258784
2.552549 0.258773
2.552765 0.258760
2.553232 0.258746
2.553603 0.258730
2.553679 0.258726
2.554103 0.258710
2.554219 0.258706
2.554406 0.258701
2.554301 0.258707
2.554472 0.258700
2.554583 0.258692
2.554649 0.258691
2.554854 0.258682
2.554991 0.258681
2.555085 0.258674
2.555167 0.258671
2.555383 0.258661
2.555464 0.258661
2.555526 0.258657
2.555583 0.258656
2.555676 0.258652
2.555991 0.258642
2.556513 0.258621
2.556832 0.258609
2.557066 0.258601
2.557256 0.258593
2.557281 0.258591
2.557325 0.258592
2.557356 0.258589
2.557416 0.258590
2.557449 0.258586
2.557494 0.258584
2.557528 0.258586
2.557558 0.258582
2.557588 0.258582
2.557605 0.258579
2.557723 0.258579
2.557736 0.258579
2.557729 0.258574
2.557742 0.258574
2.557753 0.258574
2.557777 0.258574
2.557803 0.258574
2.557812 0.258574
2.557603 0.258579
2.557119 0.258597
2.556488 0.258624
2.555925 0.258640
2.555288 0.258664
2.554571 0.258695
2.554053 0.258715
2.553362 0.258737
2.552695 0.258764
2.552242 0.258783
2.551648 0.258805
2.551073 0.258826
2.550460 0.258854
2.549909 0.258872
2.549496 0.258893
2.548952 0.258913
2.548489 0.258930
2.548029 0.258950
2.547522 0.258967
2.547091 0.258984
2.546638 0.259005
2.546164 0.259025
2.545739 0.259041
2.545299 0.259059
2.544831 0.259081
