0.500000 1.750000
0.402272 1.794503
0.436250 1.778580
0.417497 1.790791
0.444190 1.791936
0.429683 1.801770
-0.446980 1.105484
0.590259 1.755156
0.405101 1.641447
0.430243 1.016004
0.161680 2.297521
0.070172 2.491609
0.480058 2.178123
0.426957 1.069444
0.467508 1.808951
0.404141 1.769319
-0.460876 0.187307
-0.435288 0.507011
0.670667 1.190787
0.333153 2.189506
0.402248 1.765189
0.470181 1.358539
-1.191289 2.457042
0.328153 1.352931
0.696314 1.483911
-0.246162 2.305908
-0.633669 2.322169
-0.464919 2.862311
-1.260219 2.439553
-0.071177 1.880283
0.779510 1.727909
-0.432941 1.690169
-0.206378 2.000414
0.267221 1.780921
0.742305 1.339612
0.434740 1.617356
0.303983 2.143531
0.517460 1.807956
0.300007 2.149990
0.454424 1.777542
0.434739 1.769157
0.411641 1.773977
0.388453 1.735503
0.427385 1.483424
0.311535 2.092803
0.363216 1.760026
0.049718 0.079857
-0.008188 0.071551
0.370278 0.085131
0.180165 0.159163
-0.145288 0.191516
-0.193300 0.200340
-0.021856 0.282865
0.067426 0.309966
-0.074049 0.398420
0.207470 0.405649
0.291146 2.050658
-0.098481 0.216125
-0.046909 0.251522
0.054563 0.196521
-0.099275 0.161108
-0.123162 0.161193
0.183283 0.159525
0.224992 0.233740
0.195921 0.293491
-0.129346 0.363827
-0.194905 0.374023
-0.161451 0.323793
-0.106206 0.254528
-0.180798 0.297898
-0.303651 0.285789
-0.306797 0.361212
-0.013878 0.488273
0.035780 0.479034
0.180548 0.416692
0.368449 0.513844
0.099915 0.535601
0.043898 0.532246
-0.132461 0.590921
-0.090656 0.545025
0.007797 0.526879
-0.149984 0.474931
-0.087451 0.517872
0.089156 0.547169
0.125941 0.571111
0.288463 0.587708
0.309505 0.708014
0.109526 0.757264
0.315522 0.742252
0.049863 0.970961
-0.000663 0.975124
0.235653 0.925658
0.399665 0.941509
0.292998 1.218036
0.046745 1.298992
0.224414 1.283032
0.208776 1.364967
0.443999 1.274077
0.492571 1.276755
0.479786 1.378373
0.446141 1.461661
