2.148997 0.270314
1.954881 0.278031
1.379924 0.302246
0.560340 0.352478
5.000469 0.220244
9.085113 0.180758
8.020256 0.196458
8.057407 0.192130
11.435872 0.173825
8.846162 0.188610
14.267533 0.168470
10.724260 0.188785
5.556802 0.228208
3.766097 0.218631
3.475175 0.229324
5.007523 0.210980
6.541403 0.197454
7.471224 0.188408
6.455957 0.191736
4.826857 0.211248
6.168456 0.198658
6.935885 0.191430
6.280817 0.194335
5.270608 0.205969
6.289073 0.198279
7.178028 0.190252
6.364237 0.204825
1.722129 0.271169
7.400711 0.190128
6.886280 0.199363
3.102005 0.250459
7.651589 0.191311
10.325831 0.116659
9.933134 0.122487
9.587718 0.127159
9.265588 0.132170
8.966872 0.136068
8.686514 0.140258
8.431896 0.143817
8.145701 0.182204
6.091357 0.189241
6.597652 0.198750
5.094659 0.203962
6.308885 0.200915
4.174786 0.216564
5.421813 0.179142
6.278783 0.198105
6.596629 0.188118
6.504129 0.193720
6.690973 0.188157
6.642912 0.190961
6.752140 0.187786
7.537894 0.207035
6.138968 0.220919
4.097523 0.233116
1.320391 0.286992
7.411314 0.189950
3.942033 0.232135
4.395679 0.222202
9.026797 0.194167
10.736296 0.182265
10.820930 0.178172
11.165635 0.180498
11.219306 0.180819
11.883295 0.178710
12.154905 0.154185
9.441485 0.158247
7.880755 0.192536
7.902888 0.184394
7.849220 0.192308
7.910228 0.185343
8.231642 0.181196
7.992385 0.178492
8.075182 0.182887
7.995700 0.179126
8.131728 0.182194
8.033448 0.178989
8.174727 0.181775
8.133176 0.187787
6.685109 0.196011
6.483708 0.204035
7.370770 0.198752
7.781480 0.191679
7.351655 0.193715
7.484621 0.199586
3.780519 0.239336
9.499621 0.193896
5.040493 0.223848
11.593888 0.183471
8.951529 0.191316
0.356899 0.372322
1.590687 0.355493
0.354496 0.368555
1.690453 0.350838
0.445372 0.363687
1.503258 0.349638
0.543180 0.359905
2.545089 0.259414
6.735225 0.191510
9.935821 0.189879
