2.541100 0.259500
2.538438 0.258751
2.539255 0.258698
2.556006 0.256238
2.546951 0.258321
2.494219 0.261283
2.567001 0.256606
2.562243 0.256752
2.507785 0.260674
2.560197 0.258263
2.560173 0.258259
2.564347 0.257783
2.536449 0.259400
2.541241 0.259262
2.552154 0.256492
2.563788 0.257358
2.550248 0.258857
2.551934 0.258791
2.556614 0.258615
2.560548 0.257520
2.562116 0.257891
2.555481 0.258653
2.558432 0.257644
2.562277 0.258213
2.563954 0.257967
2.560390 0.257629
2.554454 0.258694
2.554087 0.258711
2.560014 0.257638
2.555220 0.258667
2.557416 0.257694
2.561080 0.258230
2.551577 0.256974
2.555228 0.257379
2.556930 0.257494
2.560698 0.258243
2.559786 0.258282
2.542974 0.255968
2.555031 0.257385
2.559511 0.258008
2.556893 0.258597
2.557835 0.258566
2.557623 0.258576
2.536219 0.254949
2.560678 0.257931
2.560198 0.258274
2.558241 0.258552
2.509792 0.251332
2.543737 0.255885
2.563177 0.258167
2.559988 0.257651
2.562511 0.258280
2.560435 0.257624
2.560732 0.258446
2.562740 0.258160
2.561274 0.257909
2.561591 0.258215
2.560791 0.257949
2.559040 0.258527
2.556039 0.257327
2.543436 0.255792
2.555233 0.257246
2.562269 0.258179
2.559583 0.258500
2.558309 0.258626
2.562107 0.258402
2.546633 0.255957
2.544658 0.255665
2.564355 0.258094
2.562779 0.258385
2.562941 0.258372
2.557148 0.257075
2.550042 0.256183
2.552905 0.256493
2.562703 0.258464
2.567393 0.257995
2.565486 0.257713
2.567760 0.258055
2.555019 0.256515
2.536556 0.254360
2.538159 0.254547
2.559218 0.256942
2.567025 0.257681
2.568535 0.257926
2.563591 0.257368
2.554318 0.256386
2.568335 0.257952
2.565437 0.257502
2.564261 0.257395
2.567946 0.258191
2.566815 0.257708
2.554424 0.256369
2.567645 0.258203
2.562343 0.257142
2.568508 0.257931
2.566873 0.257650
2.567699 0.258207
2.551764 0.255987
2.566941 0.257653
2.523268 0.252713
2.569312 0.257981
